-- Whole KPI results
Total_revenue 112245.58	
Total_orders 3547
Aov 31.65

--- Monthly KPI
    Revenue Orders Aov
Mar	15891.64	494	32.17
Oct	13891.16	426	32.61
Feb	13215.48	423	31.24
Sep	9988.64	344	29.04
Nov	8590.54	259	33.17
Dec	8237.74	259	31.81
May	8164.42	241	33.88
Jun	7617.76	223	34.16
Aug	7613.84	272	27.99
Jul	6915.94	237	29.18
Jan	6398.86	201	31.84
Apr	5719.56	168	34.05   

---Weekday KPI
     Revenue Orders Aov
Tue	18168.38	572	31.76
Mon	17363.1	544	31.92
Fri	16802.66	532	31.58
Thu	16091.4	510	31.55
Wed	15750.46	500	31.5
Sat	14733.52	470	31.35
Sun	13336.06	419	31.83

---Time of day KPI
         Revenue Orders Aov
Night	38186.34	1161	32.89
Afternoon	38130.04	1205	31.64
Morning	35929.2	1181	30.42

---Hour of day KPI
   Revenue Orders Aov
10	10198.52	328	31.09
16	9031.84	278	32.49
11	8453.1	283	29.87
19	7751.96	229	33.85
17	7659.76	237	32.32
15	7476.02	236	31.68
12	7419.62	241	30.79
9	7264.28	242	30.02
14	7173.8	225	31.88
18	7162.6	218	32.86
13	7028.76	225	31.24
8	7017.88	235	29.86
21	6397.94	195	32.81
20	5578.92	169	33.01
22	3635.16	113	32.17
7	2846.02	88	32.34
6	149.4	5	29.88


